In Av(231)
1,    1,    1,    1,    1,    1,    1,    1,    1,    1,     1  - A000012
1,    1,    1,    2,    4,    9,   21,   51,  127,  323,   835  - A001006
1,    1,    1,    2,    5,   13,   35,   97,  275,  794,  2327  - A086581
1,    1,    1,    3,    6,   17,   43,  123,  343, 1004,  2938  - A143363
1,    1,    1,    2,    5,   14,   42,  132,  429, 1430,  4862  - A000108
1,    1,    1,    3,    7,   19,   53,  153,  453, 1367,  4191  - A078481
1,    1,    1,    2,    6,   19,   61,  200,  670, 2286,  7918  - A035929
1,    1,    1,    2,    6,   20,   68,  233,  805, 2807,  9879  - C(n) - A014138
1,    1,    1,    3,    8,   24,   75,  243,  808, 2742,  9458  - A000958
1,    1,    1,    2,    7,   25,   85,  285,  964, 3310, 11527  - NO OEIS HIT
1,    1,    1,    3,    9,   28,   90,  297, 1001, 3432, 11934  - A000245
1,    1,    1,    4,   10,   31,   97,  316, 1054, 3586, 12394  - NO OEIS HIT
1,    1,    1,    3,    9,   29,   95,  317, 1075, 3699, 12891  - NO OEIS HIT
1,    1,    1,    3,   10,   31,   98,  321, 1078, 3686, 12789  - A114487
1,    1,    1,    2,    7,   26,   93,  325, 1129, 3935, 13813  - C(n) - A014140
1,    1,    1,    4,   11,   33,  105,  343, 1148, 3916, 13563  - A127154
1,    1,    1,    4,   11,   34,  108,  354, 1187, 4054, 14054  - C(n) - A000958
1,    1,    1,    3,   10,   33,  109,  364, 1233, 4236, 14740  - C(n) - A014137
1,    1,    1,    4,   12,   37,  118,  387, 1298, 4433, 15366  - C(n) - C(n-2)
1,    1,    1,    2,    8,   32,  117,  408, 1402, 4826, 16751  - C(n) - A000217
1,    1,    1,    3,   11,   38,  127,  423, 1423, 4854, 16787  - C(n)- n
1,    1,    1,    4,   13,   41,  131,  428, 1429, 4861, 16795  - C(n) - 1
1,    1,    1,    5,   14,   42,  132,  429, 1430, 4862, 16796  - A000108 with offset


In Av(321)

1,    1,    1,    0,    0,    0,    0,    0,    0,
1,    1,    1,    1,    1,    1,    1,    1,    1,
1,    1,    1,    2,    3,    4,    5,    6,    7,
1,    1,    1,    1,    2,    3,    6,   11,   22,
1,    1,    1,    1,    3,    6,   13,   28,   60,
1,    1,    1,    2,    4,    8,   16,   32,   64,
1,    1,    1,    2,    3,    9,   16,   48,  102,
1,    1,    1,    2,    4,    9,   21,   51,  127,
1,    1,    1,    1,    2,    5,   14,   42,  132,
1,    1,    1,    1,    3,    8,   21,   55,  144,
1,    1,    1,    1,    3,    7,   19,   53,  153,
1,    1,    1,    2,    3,    7,   19,   56,  174,
1,    1,    1,    1,    3,   10,   30,   84,  227,
1,    1,    1,    2,    5,   13,   34,   89,  233,
1,    1,    1,    1,    3,    9,   28,   90,  297,
1,    1,    1,    2,    5,   13,   36,  103,  303,
1,    1,    1,    2,    4,   11,   34,  110,  365,
1,    1,    1,    1,    3,   10,   33,  111,  379,
1,    1,    1,    3,    6,   18,   47,  139,  405,
1,    1,    1,    2,    5,   14,   42,  132,  429,
1,    1,    1,    1,    4,   12,   39,  129,  436,
1,    1,    1,    3,    7,   19,   53,  153,  453,
1,    1,    1,    2,    5,   15,   48,  159,  538,
1,    1,    1,    1,    4,   14,   48,  165,  572,
1,    1,    1,    2,    6,   18,   57,  186,  622,
1,    1,    1,    1,    5,   17,   57,  193,  662,
1,    1,    1,    2,    6,   19,   61,  200,  670,
1,    1,    1,    2,    6,   19,   61,  202,  683,
1,    1,    1,    2,    6,   19,   62,  207,  704,
1,    1,    1,    2,    7,   22,   71,  235,  794,
1,    1,    1,    2,    6,   20,   68,  233,  805,
1,    1,    1,    3,    8,   24,   75,  243,  808,
1,    1,    1,    1,    4,   16,   63,  239,  880,
1,    1,    1,    3,    8,   25,   80,  264,  890,
1,    1,    1,    1,    5,   20,   74,  265,  937,
1,    1,    1,    2,    6,   21,   75,  266,  938,
1,    1,    1,    2,    8,   26,   85,  283,  959,
1,    1,    1,    2,    7,   25,   86,  292,  995,
1,    1,    1,    3,    9,   28,   90,  297, 1001,
1,    1,    1,    4,   10,   31,   97,  316, 1054,
1,    1,    1,    3,   10,   31,   98,  321, 1078,
1,    1,    1,    2,    7,   26,   93,  325, 1129,
1,    1,    1,    4,   11,   33,  105,  343, 1148,
1,    1,    1,    4,   11,   34,  108,  354, 1187,
1,    1,    1,    3,    9,   31,  105,  355, 1210,
1,    1,    1,    3,   10,   33,  109,  364, 1233,
1,    1,    1,    1,    6,   22,   91,  349, 1277,
1,    1,    1,    3,    9,   30,  104,  365, 1286,
1,    1,    1,    2,    6,   25,   96,  357, 1289,
1,    1,    1,    2,    9,   33,  113,  381, 1291,
1,    1,    1,    3,   10,   34,  114,  382, 1292,
1,    1,    1,    4,   12,   37,  118,  387, 1298,
1,    1,    1,    3,    7,   28,  101,  365, 1301,
1,    1,    1,    1,    7,   25,  102,  377, 1339,
1,    1,    1,    2,    7,   28,  106,  382, 1345,
1,    1,    1,    1,    8,   28,  108,  387, 1354,
1,    1,    1,    2,    7,   29,  109,  388, 1355,
1,    1,    1,    2,    8,   31,  112,  392, 1360,
1,    1,    1,    3,    9,   32,  113,  393, 1361,
1,    1,    1,    3,   10,   34,  116,  397, 1366,
1,    1,    1,    1,    8,   31,  116,  407, 1401,
1,    1,    1,    2,    8,   32,  117,  408, 1402,
1,    1,    1,    2,    9,   34,  122,  417, 1416,
1,    1,    1,    2,   10,   37,  126,  422, 1422,
1,    1,    1,    3,   10,   37,  126,  422, 1422,
1,    1,    1,    2,   11,   37,  126,  422, 1422,
1,    1,    1,    3,   11,   38,  127,  423, 1423,
1,    1,    1,    3,   12,   40,  130,  427, 1428,
1,    1,    1,    4,   12,   40,  130,  427, 1428,
1,    1,    1,    3,   13,   40,  130,  427, 1428,
1,    1,    1,    4,   13,   41,  131,  428, 1429,
1,    1,    1,    5,   14,   42,  132,  429, 1430,

1, 1, 1, 2, 5, 14, 42, 132, 429, 1430, 4862
1, 1, 1, 4, 11, 33, 105, 343, 1148, 3916, 13563
1, 1, 1, 2, 8, 32, 117, 408, 1402, 4826, 16751
1, 1, 1, 2, 6, 20, 68, 233, 805, 2807, 9879
1, 1, 1, 4, 12, 37, 118, 387, 1298, 4433, 15366
1, 1, 1, 2, 7, 26, 93, 325, 1129, 3935, 13813
1, 1, 1, 4, 10, 31, 97, 316, 1054, 3586, 12394
1, 1, 1, 2, 6, 19, 61, 200, 670, 2286, 7918
1, 1, 1, 4, 11, 34, 108, 354, 1187, 4054, 14054
1, 1, 1, 4, 13, 41, 131, 428, 1429, 4861, 16795
1, 1, 1, 3, 8, 24, 75, 243, 808, 2742, 9458
1, 1, 1, 3, 7, 19, 53, 153, 453, 1367, 4191
1, 1, 1, 1, 1, 1, 1, 1, 1, 1, 1
1, 1, 1, 3, 10, 33, 109, 364, 1233, 4236, 14740
1, 1, 1, 3, 10, 31, 98, 321, 1078, 3686, 12789
1, 1, 1, 5, 14, 42, 132, 429, 1430, 4862, 16796
1, 1, 1, 2, 4, 9, 21, 51, 127, 323, 835
1, 1, 1, 3, 11, 38, 127, 423, 1423, 4854, 16787
1, 1, 1, 3, 9, 28, 90, 297, 1001, 3432, 11934
